36 250
95 241
125 157
126 158
157 126
158 125
166 -161
188 85:1
189 85:2
190 85:3
191 85:5
192 85:4
198 208
199 240
202 201:2
204 181:2
205 182:2
207 244
208 198
210 188
211 189
212 207
218 251
219 218
220 218:1
221 218:2
222 2218:3
223 218:4
224 218:5
225 218:6
226 218:7
227 218:8
228 218:9
229 218:10
230 218:11
231 218:12
232 218:13
233 218:14
234 218:15
235 220
236 221
237 222
238 223
239 224
240 225
241 226
242 227
243 228
244 229
245 222
246 231
247 232
248 233
249 234
250 235
251 236
252 237
255 252
326 325:8
327 325:10
343 328
410 422
416 425
422 443
425 446
434 457
435 458
436 459
439 262
440 262
442 0
443 444
444 333:1
445 333:2
446 333:3
447 333:4
448 333:5
449 450
450 445
453 0
2256 500
2257 501
2258 502
2259 503
2260 504
2261 505
2262 506
2263 507
2264 508
2265 509
2266 510
2267 511
